## !!! NOTE: FOR REPRODUCING CREATION OF THE FILES,
## !!! the production function CS_CMMSSY must be modified
## !!! to forget restricting the files to k columns (esp. in
## !!!                the return command)

## typed in from examples of Colbourn et al. 2006 (CMMSSY)
##   start with Inf
## to be used with the Z_v-1
## first level: v
## second level: k-1 (length of starter)
CMMSSYStarters <- list(
  ## from LCDST
  '3' = list('5'=c(Inf,0,1,1,0)),
  '4' = list('6'=c(Inf,0,1,1,2,1)),
  '5' = list( '5'=c(Inf,0,1,3,2),
              '6'=c(Inf,0,0,1,3,2),
              '7'=c(Inf,0,0,0,1,3,2),
              '8'=c(Inf,0,0,0,0,1,3,2),
              '9'=c(Inf,0,0,0,0,0,1,3,2),
             '10'=c(Inf,0,0,0,0,0,0,1,3,2)),
  '6' = list( '8'=c(Inf,0,1,3,0,2,1,4),
              '9'=c(Inf,0,0,1,0,0,3,2,4),
             '10'=c(Inf,0,0,0,1,1,4,3,0,2),
             '11'=c(Inf,0,0,0,0,1,0,4,2,3,0),
             '12'=c(Inf,0,0,0,0,0,1,0,4,2,3,0)),
  '7' = list( '7'=c(Inf,0,2,1,4,5,3),
              '9'=c(Inf,0,0,2,1,4,5,3,3),
             '10'=c(Inf,0,0,0,1,0,3,5,4,2),
             '11'=c(Inf,0,0,0,0,1,0,3,5,4,2),
             '12'=c(Inf,0,0,0,0,0,1,0,3,5,4,2),
             '13'=c(Inf,0,0,0,0,0,0,1,0,3,5,4,2)),
  '8' = list('11'=c(Inf,0,1,0,0,0,3,5,4,2,6),
             '12'=c(Inf,0,0,0,1,0,6,4,6,3,2,5),
             '13'=c(Inf,0,0,0,0,1,2,6,5,3,6,2,4),
             '14'=c(Inf,0,0,0,0,0,1,0,4,6,4,3,2,5)),
  '9' = list('12'=c(Inf,0,1,6,4,5,0,7,6,2,1,3),
             '13'=c(Inf,0,0,0,0,2,6,1,7,6,3,4,5),
             '14'=c(Inf,0,0,0,0,0,2,6,1,7,6,3,4,5),
             '15'=c(Inf,0,0,0,0,0,0,2,6,1,7,6,3,4,5)),
  '10' = list('15'=c(Inf,4,6,1,6,3,7,8,2,0,1,5,4,6,6)),
  #'11' = list('16'=c(Inf,2,6,7,2,1,4,5,3,3,6,2,9,9,0,2),
  #            '17'=c(Inf,1,0,5,5,8,2,4,4,1,2,6,2,5,3,2,0)),
  ## 12 and 13 taken from LCDST, as they are is constructed like here
  ## flexible value rotated to first position first
  '12' = list(#'18'=c(Inf,8,8,3,1,1,9,0,1,5,8,9,8,7,8,9,3,10),
              '19'=c(Inf,0,1,10,2,1,5,3,9,1,1,1,6,8,9,5,9,7,4)),
  '13'= list('17'=c(Inf,7,8,6,10,3,4,7,11,5,1,10,9,4,0,2,1)),
             # '19'=c(Inf,4,11,0,3,2,0,5,7,4,0,4,10,10,9,5,9,3,3),
             # '20'=c(Inf,10,6,6,0,10,0,9,5,4,5,4,7,2,0,5,9,1,10,2),
             # '21'=c(Inf,5,0,8,8,10,5,8,9,3,2,2,11,9,2,0,3,0,9,1,2)),
  # '14' = list('21'=c(Inf,11,8,12,2,10,2,1,2,8,10,4,8,11,7,4,9,7,12,4,4),
  #             '22'=c(Inf,5,1,4,12,8,6,8,12,12,10,4,11,1,1,3,9,1,11,10,2,3),
  #             '23'=c(Inf,10,1,3,3,4,1,0,9,1,9,0,0,0,7,3,9,2,1,4,11,9,6),
  #             '25'=c(Inf,5,8,1,11,10,4,1,4,12,6,8,1,2,9,7,6,3,8,4,2,9,9,2,6)),
  '15' = list(
    # '24'=c(Inf,8,7,7,2,6,2,7,13,10,6,2,4,6,0,1,6,4,11,10,13,5,7,1),
    #           '25'=c(Inf,7,5,9,6,7,7,9,3,10,10,10,1,0,6,9,5,3,8,0,3,9,12,7,1),
    #           '26'=c(Inf,8,2,7,7,12,11,4,6,6,4,2,5,2,0,12,7,3,5,9,10,11,7,5,2,8),
              '27'=c(Inf,5,1,12,6,10,11,3,13,10,5,4,9,12,0,1,2,0,9,0,6,13,12,12,8,7,4)),
  # '16' = list('25'=c(Inf,4,12,6,10,10,6,13,14,5,8,7,9,8,0,5,14,12,14,6,4,1,7,2,6),
  #             '27'=c(Inf,0,2,3,7,14,13,9,4,14,11,12,5,6,0,14,0,13,4,0,5,5,4,7,7,14,3),
  #             '28'=c(Inf,1,5,13,7,3,11,10,5,10,9,10,2,5,10,1,12,4,6,14,1,3,0,4,6,12,12,10),
  #             '29'=c(Inf,1,7,0,3,0,5,1,14,9,11,13,1,11,11,5,12,14,3,3,8,6,14,4,12,11,12,4,5)),
  '17' = list('31'=c(Inf,11,6,10,10,7,0,1,3,13,2,8,14,4,12,6,4,15,9,5,8,6,14,13,5,13,6,4,11,0,9))
  #             '32'=c(Inf,6,13,12,2,2,5,8,6,8,10,13,3,12,8,6,0,12,0,7,11,7,13,2,10,9,4,5,2,12,6,0)),
  # '18' = list('32'=c(Inf,14,5,0,3,5,3,12,2,9,8,14,10,13,13,6,10,0,11,12,3,1,5,8,16,13,1,11,9,0,5,10),
  #             '34'=c(Inf,5,3,13,5,8,1,8,4,13,2,12,14,4,8,7,4,0,5,7,16,2,14,1,15,6,12,12,14,11,5,15,16,16)),
  # '19' = list('36'=c(Inf,7,9,7,2,5,5,5,16,1,6,7,0,11,5,10,2,5,10,16,17,13,2,0,3,17,13,12,16,6,10,7,1,9,0,7)),
  # '20' = list('38'=c(Inf,16,13,7,14,13,12,17,8,15,9,15,15,7,5,17,7,16,0,18,12,1,7,9,5,6,13,0,16,6,8,3,16,1,7,13,14,18),
  #             '39'=c(Inf,16,13,6,6,0,7,1,15,16,2,15,11,15,6,18,0,9,4,0,2,1,7,12,12,7,12,16,14,11,3,8,9,14,11,8,16,0,9)),
  # '21' = list('42'=c(Inf,8,13,2,1,13,17,19,14,15,1,15,12,9,1,1,17,11,11,9,16,9,19,10,3,13,1,2,6,4,1,11,19,2,15,1,8,11,7,8,18,14)),
  # '22' = list('44'=c(Inf,7,14,8,4,14,10,1,10,4,4,14,9,15,7,16,12,8,9,12,16,17,17,5,8,1,8,17,19,17,4,8,3,2,12,5,8,19,16,0,18,6,16,1))
)

# create CMMSSYCombis
CMMSSYCombis <- data.frame(
  v=(v <- rep(as.numeric(names(CMMSSYStarters)), lengths(CMMSSYStarters))),
  k=(k <- unlist(lapply(CMMSSYStarters, function(obj) as.numeric(names(obj))))+1),
  N=(v-1)*(k-1) + v,
  k1=(k1 <- k-1)
)

# save(CMMSSYCombis, file="D:/rtests/CAs/data/CMMSSYCombis.rda", compress="xz")
# save(CMMSSYStarters, file="D:/rtests/CAs/data/CMMSSYStarters.rda", compress="xz")
