## copy-pasted from Lobb et al. 2012 (LCDST)
##   replaced oo_0 with 100+v-1, ..., oo_f-1 with 100+v-f
## only included cases that are used with group Z_v-f
## first list level: v
## second list level: k
## expanded with further v on Sep 2 2025

LCDSTStarters <- list(
  '3' = list('5'=c(102,0,1,1,0)),
  '4' = list('6'=c(103,0,1,1,2,1),
             '7'=c(103,2,1,2,2,1,2),
             '9'=c(103,102,1,0,1,1,102,103,0)),
  '5' = list('7'=c(104,2,3,1,1,0,1),
             # '8'=c(104,2,3,1,1,0,1),  ## distinct, k-1 elements, same as seven
             # can omit, as covered in CS_MS
             '10'=c(103,103,2,1,104,1,104,0,1,1)),
  '6' = list('9'=c(105,2,4,4,2,1,2,1,3)),
  '7' = list('10'=c(106,0,1,0,3,5,4,2,0,0),
             '13'=c(106,3,106,105,3,2,1,105,0,2,0,1,1),
             '14'=c(106,1,4,0,2,1,4,4,4,4,106,105,0,105),
             '15'=c(105,105,3,106,4,1,2,106,2,2,NA,2,2,1,4),
             '17'=c(104,104,1,105,3,1,2,106,1,106,3,106,3,2,2,105,3)),
  '8' = list('11'=c(107,0,3,0,6,4,1,3,0,1,1),
             ## 13 has to be figured out
             ## is there are group for 8 that does not have a single primitive only?
             ## x x^2 x xy xy 107 1 x^y x^2 107 106 1 106
             ##           in {x, yx^3 = y^2 = 1, yxy = x^2}
             '15'=c(0,1,3,3,1,2,5,106,0,0,5,106,107,0,107),
             '16'=c(107,106,2,107,1,106,5,5,1,1,2,0,2,5,3,2),
             '18'=c(107,107,1,3,3,106,1,106,0,4,0,105,1,0,105,0,2,0),
             '19'=c(107,107,0,3,106,0,105,4,4,0,NA,0,2,1,105,0,106,3,4),
             '20'=c(107,107,1,106,0,0,1,106,0,105,4,3,1,3,105,3,0,2,3,0)),
  '9' = list('13'=c(108,7,0,3,2,4,1,4,4,0,1,1,7),
             '16'=c(3,108,3,2,107,6,5,5,1,6,3,5,6,108,4,107),
             '17'=c(2,4,108,3,4,6,6,3,6,6,4,0,108,6,5,107,107),
             '19'=c(108,108,3,107,2,106,3,2,2,107,3,0,1,5,3,1,3,106,0),
             '20'=c(108,108,5,4,107,2,107,1,2,106,5,1,NA,1,5,2,106,3,3,5),
             '21'=c(108,108,3,107,4,2,3,107,3,106,1,3,2,5,4,4,NA,1,0,106,2),
             '22'=c(108,108,4,107,3,2,2,107,3,106,5,1,2,5,106,5,NA,0,3,3,4,2)),
  '10' = list( ## omit 14 (group Z3xZ3), 16 (distinct, k-1, not better than MS), 25 to 27 (f=4)
             '15'=c(109,4,6,1,6,3,7,8,2,0,1,5,4,6,6),
             '18'=c(109,5,3,3,109,3,6,3,4,4,0,3,5,0,7,108,2,108),
             '20'=c(109,109,5,108,0,5,4,108,5,107,0,3,5,2,107,0,1,4,4,4),
             '21'=c(109,108,3,107,0,6,4,107,0,108,109,6,5,3,0,2,5,0,0,1,0),
             '22'=c(109,109,3,108,4,0,6,108,2,107,3,2,3,5,107,4,NA,5,3,3,3,0),
             '23'=c(109,109,4,108,6,6,3,1,4,108,5,4,107,4,NA,4,107,5,0,1,6,NA,4),
             '25'=c(109,109,4,108,1,107,3,1,2,108,5,0,2,106,2,1,107,2,106,2,5,106,5,3,3),
             '26'=c(109,0,1,108,109,4,107,3,5,5,2,0,106,107,106,106,1,5,4,5,1,0,2,1,108,5),
             '27'=c(109,109,4,108,1,4,3,108,5,107,4,2,106,0,1,5,5,5,1,107,1,2,0,3,0,106,1)),
  '11' = list('16'=c(110,2,6,7,2,1,4,5,3,3,6,2,9,9,0,2),
              '17'=c(110,1,0,5,5,8,2,4,4,1,2,6,2,5,3,2,0),
              '19'=c(3,2,7,110,5,4,8,0,0,109,110,4,7,1,3,0,3,1,109),
              '20'=c(110,109,3,110,1,109,6,3,5,2,5,4,4,8,6,2,5,1,2,2),
              '22'=c(110,110,5,109,4,7,1,109,3,108,0,1,0,5,108,1,3,7,4,2,7,7),
              '23'=c(110,109,1,108,2,6,6,108,7,109,110,3,2,1,2,6,4,1,0,2,5,0,4),
              '25'=c(110,110,0,109,0,108,0,3,1,109,2,4,4,107,1,2,108,6,107,5,0,107,5,2,1),
              '26'=c(110,1,5,109,110,3,108,4,0,0,5,0,107,108,107,107,1,1,5,3,2,1,0,1,109,0),
              '27'=c(110,110,0,109,4,3,4,109,4,108,5,4,107,2,0,2,3,6,6,108,4,3,3,0,5,107,6)),
  '12' = list(#'17'=c(1,9,6,2,6,2,2,3,4,1,4,9,7,6,1,5,7,111), ## does not cover
              '18'=c(111,8,8,3,1,1,9,0,1,5,8,9,8,7,8,9,3,10),
              '19'=c(111,0,1,10,2,1,5,3,9,1,1,1,6,8,9,5,9,7,4),
              # '20'=c(111,0,1,10,2,1,5,3,9,1,1,1,6,8,9,5,9,7,4), ## distinct --> CS_CMMSSY
              '22'=c(111,110,7,111,0,110,9,2,1,7,2,8,6,3,0,2,6,4,4,1,0,1),
              '24'=c(111,110,1,109,4,3,4,109,7,110,111,5,5,7,2,2,7,3,3,1,2,7,1,7),
              '25'=c(111,110,6,109,1,4,0,109,2,110,111,2,1,3,0,7,7,8,5,4,1,4,7,2,1),
              ## '27'=c(111,111,6,110,4,4,4,1,105,109,0,1,108,7,4,2,1,4,7,109,0,4,3,0,2,108,0), does not cover
              '28'=c(111,111,6,110,2,2,7,7,6,110,4,109,5,2,108,2,5,3,109,5,3,5,6,7,1,5,108,3),
              '29'=c(111,111,2,110,2,6,7,110,2,109,3,2,4,6,5,3,3,108,5,0,109,2,108,3,0,5,4,4,1),
              '32'=c(107,107,5,108,5,4,3,108,4,109,4,2,110,1,111,5,6,0,2,109,3,111,4,5,3,6,6,110,4,1,111,3)),
  '13' = list(# omitted 18 distinct relative 1
              '19'=c(4,11,0,3,2,0,5,7,4,0,4,10,10,9,5,9,3,3,112),
              '20'=c(112,10,6,6,0,10,0,9,5,4,5,4,7,2,0,5,9,1,10,2),
              '21'=c(112,5,0,8,8,10,5,8,9,3,2,2,11,9,2,0,3,0,9,1,2),
              '24'=c(112,111,10,112,7,111,10,10,3,6,5,2,7,7,4,2,5,1,9,10,9,9,0,6),
              '28'=c(112,112,5,111,2,2,1,2,4,111,8,110,2,8,109,1,2,5,110,0,6,1,4,4,0,7,109,5),
              '29'=c(112,112,5,111,5,5,6,111,0,110,8,0,3,4,4,8,2,109,1,3,110,0,109,8,6,5,2,8,4),
              '30'=c(112,112,4,111,4,1,6,111,4,110,5,4,109,1,1,7,0,2,2,110,1,0,4,5,3,109,8,2,NA,2),
              '32'=c(108,108,3,109,0,6,2,109,4,110,3,6,111,0,112,5,0,1,1,110,4,112,4,3,4,1,2,111,1,3,112,0),
              '33'=c(108,108,3,109,2,110,3,5,7,109,2,1,111,1,2,6,1,112,0,3,110,7,111,5,1,112,3,0,0,112,6,4,1),
              '34'=c(108,108,0,109,4,1,110,2,2,5,7,111,1,110,1,111,1,4,6,1,1,109,7,112,2,6,112,4,5,6,4,3,112,5)),
  '14' = list(# omitted 19 distinct relative (1)
              '21'=c(11,8,12,2,10,2,1,2,8,10,4,8,11,7,4,9,7,12,4,4,113),
              '22'=c(5,1,4,12,8,6,8,12,12,10,4,11,1,1,3,9,1,11,10,2,3,113),
              '23'=c(113,10,1,3,3,4,1,0,9,1,9,0,0,0,7,3,9,2,1,4,11,9,6),
              '25'=c(113,5,8,1,11,10,4,1,4,12,6,8,1,2,9,7,6,3,8,4,2,9,9,2,6),
              '30'=c(110,110,4,111,1,0,2,111,1,112,9,7,113,9,4,2,1,8,6,112,0,4,0,3,1,113,0,4,4,5),
              '31'=c(113,113,6,112,7,2,9,112,3,111,7,6,1,2,110,7,0,6,6,8,9,111,8,6,6,1,8,1,5,110,1),
              '33'=c(109,109,4,110,7,111,0,6,0,110,8,7,112,8,8,4,2,113,8,7,111,1,112,5,8,113,6,1,6,113,1,3,4),
              '34'=c(109,109,8,110,6,1,111,3,5,7,8,112,7,111,3,112,1,1,1,7,5,110,1,113,6,2,113,3,2,6,7,1,113,8),
              '35'=c(109,109,3,1,110,5,111,4,4,112,8,110,8,7,4,113,4,2,5,111,3,112,8,0,8,113,8,4,0,7,113,0,6,1,3),
              '36'=c(109,109,7,110,1,8,111,3,2,6,0,1,110,7,112,2,8,6,112,5,6,6,0,7,113,3,111,3,3,5,8,113,7,0,5,2),
              '37'=c(109,109,3,110,3,3,8,110,6,111,7,2,0,3,111,2,4,112,5,7,113,4,6,113,3,6,7,8,5,112,5,113,7,0,2,6,5),
              '38'=c(109,109,5,110,3,3,3,2,6,8,111,5,3,2,110,0,111,8,0,112,8,0,4,0,7,1,113,2,3,NA,8,3,1,7,113,3,112,7),
              '39'=c(109,109,5,110,1,5,111,3,8,1,1,7,1,112,2,111,4,7,3,7,NA,3,0,6,4,5,110,0,113,1,4,3,113,4,112,7,5,5,8)),
  '15' = list('24'=c(8,7,7,2,6,2,7,13,10,6,2,4,6,0,1,6,4,11,10,13,5,7,1,114),
              '25'=c(114,7,5,9,6,7,7,9,3,10,10,10,1,0,6,9,5,3,8,0,3,9,12,7,1),
              '26'=c(114,8,2,7,7,12,11,4,6,6,4,2,5,2,0,12,7,3,5,9,10,11,7,5,2,8),
              '27'=c(114,5,1,12,6,10,11,3,13,10,5,4,9,12,0,1,2,0,9,0,6,13,12,12,8,7,4),
              '32'=c(111,111,4,112,1,0,3,112,2,113,9,9,114,4,0,5,5,9,0,113,10,8,10,0,2,9,3,114,0,6,7,4),
              '33'=c(114,114,7,113,1,7,1,113,10,112,0,1,111,5,8,4,4,6,10,112,4,5,3,8,10,111,1,0,6,3,0,0,10),
              '34'=c(114,114,0,113,5,10,1,113,6,112,2,9,10,3,112,4,111,3,5,7,4,10,2,5,8,6,111,10,10,1,1,2,1,9),
              '36'=c(110,110,3,111,5,8,112,9,9,3,7,0,111,5,113,0,7,8,113,4,4,5,7,3,114,7,112,3,8,7,6,114,5,3,5,4),
              '37'=c(110,110,6,111,3,4,4,111,0,112,3,4,8,0,112,6,9,113,4,8,114,5,0,114,9,5,3,2,4,113,2,114,4,1,6,1,1),
              '38'=c(110,110,3,111,6,4,4,3,4,8,112,9,3,9,111,1,112,9,2,113,2,4,3,0,3,1,114,0,6,NA,1,3,2,7,114,4,113,7),
              '39'=c(110,110,1,111,2,4,112,2,0,5,9,7,7,113,3,112,1,5,5,4,NA,0,7,0,1,5,111,9,114,6,2,5,114,6,113,0,5,9,7),
